0 3.162277660168379e+01
1 3.535523299332343e+00
2 9.582441790442139e-01
3 3.986281083105805e-01
4 2.072382271350379e-01
5 1.231594510070971e-01
6 7.997281426777998e-02
7 1.754725813004608e-01
8 5.819163082391276e-02
9 4.005815068888786e-02
10 3.134933898836529e-01
11 3.013900269589839e-02
12 2.321935799880198e-02
13 3.191604482733003e-02
14 2.733528269724319e-02
15 3.802811055353258e-02
16 1.476032210009203e-02
17 2.530179276778177e-02
18 1.359926948921913e-02
19 1.713858604092826e-01
20 9.988366313804795e-03
21 6.079334272753677e-02
22 2.055785565429089e-02
23 9.113205283639257e-03
24 7.997790410492976e-03
25 1.390857606837949e-02
26 1.460199232455599e-02
27 6.707146580414168e-03
28 3.090644499550564e-02
29 1.323731883341504e-01
30 1.233469538270326e-02
31 5.504829984650226e-03
32 4.438616551039534e-03
33 1.894574841942978e-02
34 1.746678276046882e-02
35 3.008556166682153e-02
36 3.889687045958786e-03
37 1.284097823388482e-02
38 6.106637208478672e-03
39 3.945647445668819e-03
40 3.516412985755916e-02
41 5.063878222401375e-03
42 4.544677817128253e-03
43 5.078569475375629e-03
44 1.304290984518947e-02
45 2.467731232436752e-03
46 1.477562627540730e-02
47 3.535490347464719e-03
48 3.921113987661306e-03
49 3.626867127002051e-03
50 1.181612998141861e-02
51 1.947823547825743e-02
52 3.143186726284127e-03
53 2.461170359267848e-03
54 4.910542967367227e-03
55 1.804850893201390e-03
56 1.715088021149021e-02
57 1.852107067255861e-02
58 4.424949323953375e-03
59 4.033064602793270e-03
60 1.420856126880712e-03
61 7.297619533617269e-03
62 3.511544743219474e-03
63 8.255235273284169e-03
64 1.611605183242305e-03
65 2.061590045551363e-03
66 6.349805180621939e-03
67 1.399725730835794e-02
68 7.704841583962313e-03
69 1.071014936447619e-03
70 2.400175911082184e-03
71 2.594941402909400e-02
72 3.942939847188937e-03
73 9.665087126645520e-04
74 2.735767040739697e-03
75 1.109647490964575e-02
76 2.502266602989197e-03
77 8.428805373308178e-04
78 3.500449546954326e-03
79 1.775055034377406e-03
80 9.047000101909888e-03
81 9.757494588033745e-04
82 1.690578966511994e-03
83 1.449791672837407e-03
84 2.100440306201041e-03
85 4.191020138916720e-03
86 6.472315781413366e-03
87 3.014190803944235e-03
88 1.249181303890454e-03
89 5.992691150800175e-04
90 5.301703927304471e-04
91 1.617506873830497e-02
92 1.267266360782686e-03
93 3.730009600308444e-03
94 5.585964427301914e-03
95 2.136982828060493e-03
96 1.427224884104462e-03
97 1.945150863275995e-03
98 4.812842974679161e-04
99 1.000269076572656e-03
100 1.619720008627295e-03
101 6.779677555407859e-04
102 3.962838491854600e-04
103 1.745504300352144e-03
104 2.251614987626595e-03
105 1.809651410924571e-03
106 1.720249911475468e-03
107 1.399216456167317e-03
108 5.568727230461440e-04
109 3.639872612130153e-04
110 9.342416771965039e-04
111 9.563867996356868e-04
112 7.363070713256264e-03
113 9.332926559596742e-03
114 9.419580498674068e-04
115 3.281718986029865e-04
116 7.677256912660493e-04
117 3.825755972293620e-04
118 1.552576538141922e-03
119 1.640851246441645e-02
120 5.617292425571832e-04
121 2.402462440861394e-04
122 1.183310874711656e-03
123 5.204334949702396e-04
124 4.481079892659051e-04
125 7.462149970513051e-04
126 4.644261248795023e-03
127 5.602719783683885e-04
128 2.834790080339138e-04
129 2.434115760859271e-04
130 1.205299560660075e-03
131 2.601257418577555e-04
132 1.974519251547036e-04
133 4.217420275671487e-03
134 1.157067466369059e-03
135 2.434562355759380e-04
136 1.783710065419451e-04
137 2.617716801214767e-04
138 9.008239898562711e-04
139 2.333831454222976e-04
140 3.542421348548865e-03
141 3.110067965730757e-04
142 6.603900119470056e-04
143 2.545685662672378e-04
144 1.795586858291088e-04
145 3.696935208645594e-04
146 1.298982817438416e-03
147 1.213827722647977e-03
148 5.982285006383514e-04
149 1.247421112448247e-04
150 6.735714155697151e-04
151 4.740055426667376e-04
152 1.590640736790916e-04
153 2.203636027782432e-04
154 1.056591673720264e-04
155 2.042988584860201e-04
156 2.577611427076203e-04
157 1.468018196799084e-04
158 2.461455039483428e-04
159 1.584803537397029e-04
160 3.486885591303673e-04
161 1.888928370182791e-04
162 7.777925274840423e-05
163 1.270599802236510e-03
164 1.158541612105907e-03
165 2.000480246505905e-04
166 7.428622621520592e-05
167 1.561507522556005e-04
168 1.469125550122125e-04
169 1.803678440177449e-04
170 2.162606371965787e-04
171 1.164244166215177e-04
172 2.474020594688974e-04
173 1.491892968377381e-04
174 2.794009845244326e-04
175 2.041245840939069e-04
176 1.152908720274407e-04
177 4.466359661769464e-05
178 5.675309504736062e-05
179 3.007314373975836e-04
180 2.585495959544653e-04
181 1.610844444344339e-04
182 4.601628655373740e-05
183 8.420152423046094e-05
184 1.131859312280510e-04
185 9.181724686753009e-05
186 1.443191247276003e-04
187 1.236646114377471e-04
188 1.806797964359332e-04
189 9.334802733221554e-05
190 3.830951647575979e-04
191 6.677241145369565e-05
192 4.427751308903905e-05
193 1.164841270324790e-04
194 4.068184679458040e-05
195 5.782389641990571e-04
196 5.786254106783041e-05
197 5.434842036933768e-05
198 3.935168542059276e-05
199 4.028170791070126e-05
200 3.703432998820027e-05
201 2.314539829966306e-04
202 4.837827198263741e-04
203 8.184741300482929e-05
204 4.288061977007670e-05
205 1.832698462001235e-05
206 4.885324529768077e-04
207 5.745247859465727e-05
208 2.129892910219632e-04
209 8.357393724135318e-05
210 5.480775572413927e-05
211 3.702080342526755e-05
212 9.992648971026494e-05
213 5.277099190283446e-05
214 1.575513660533551e-05
215 4.706271613937410e-05
216 1.633832943272388e-04
217 1.465335090018390e-04
218 3.938920517510241e-05
219 2.464174394759291e-05
220 4.818325259016346e-05
221 1.598996771217748e-05
222 7.649785857554036e-05
223 1.927118086559698e-05
224 8.756637499182757e-05
225 2.418835663920286e-05
226 4.002554764785025e-05
227 3.745470807198866e-05
228 1.875727225264071e-04
229 3.818445298587565e-04
230 1.427572655341550e-05
231 1.678055906831296e-05
232 6.412958372304812e-05
233 8.424968023610135e-05
234 1.044739466354021e-05
235 3.310001823232967e-05
236 4.185949111492460e-04
237 3.093476759861408e-05
238 3.017810223865339e-05
239 9.175811450066789e-06
240 4.699254991240837e-05
241 9.941084956033180e-06
242 6.830044059013983e-05
243 3.786131818680585e-04
244 1.045424713547216e-05
245 2.036343098391566e-05
246 4.797427258286984e-05
247 6.235104002685906e-06
248 1.575203273647585e-05
249 1.549780394452048e-05
250 3.160197577177677e-05
251 1.759325119807075e-05
252 2.730685008676682e-05
253 1.266967298379210e-05
254 2.202208491249987e-05
255 3.975752016701659e-05
256 3.388749982806494e-05
257 1.154708095564164e-05
258 1.452639566777413e-05
259 3.782871994896124e-05
260 6.189183557501747e-06
261 1.200990175182876e-05
262 7.258472548973693e-06
263 4.752547365723375e-05
264 7.982866432344540e-06
265 1.530723670786427e-05
266 5.682812173811053e-06
267 1.910359011070411e-05
268 3.057241618509051e-06
269 1.764217948737964e-05
270 1.601203379164288e-04
271 7.076866127100758e-06
272 2.633541318873929e-05
273 3.594430770816792e-06
274 1.439911938434900e-05
275 5.320875726677918e-06
276 3.227821633495577e-05
277 4.557814936222379e-06
278 1.207452717217892e-05
279 4.912015119820741e-06
280 4.680565746275684e-06
281 1.213918356232700e-05
282 4.285836831104366e-05
283 1.144452298082027e-04
284 2.102611419726348e-05
285 1.952073437240626e-05
286 6.686020209295871e-06
287 2.093209710879220e-06
288 4.545045890877097e-06
289 3.471441292113092e-06
290 1.367106303610841e-05
291 4.113083436998310e-06
292 2.453582086311585e-05
293 6.258704413593995e-06
294 5.030215147180051e-06
295 1.245191487081444e-05
296 5.128067862762282e-06
297 8.573882695280113e-05
298 1.986011712146958e-05
299 1.339521675652900e-06
300 4.308786828962408e-06
301 4.562325697251887e-05
302 6.275518086782421e-06
303 2.811608867776478e-06
304 1.149758146514015e-05
305 1.859091737860062e-06
306 2.847597295041354e-06
307 2.349042590211901e-06
308 7.889681134582432e-06
309 4.983192132698270e-06
310 2.129921870322075e-06
311 2.077243487112322e-06
312 4.904488363188201e-06
313 1.942049362942544e-06
314 7.094041105220554e-06
315 1.132890354981458e-05
316 8.764598485341406e-07
317 7.032267206076104e-06
318 9.934216482049111e-06
319 1.243650137733066e-06
320 1.296603632463963e-06
321 4.331957564007925e-06
322 1.690636832169465e-05
323 4.019921212016109e-06
324 7.639513961462903e-07
325 1.034207289433314e-06
326 1.526920242835451e-05
327 2.072658194603506e-06
328 9.991715616220258e-07
329 1.132056615383752e-06
330 6.483126931677625e-06
331 2.005596456112425e-06
332 1.642034552523848e-06
333 3.780182211353180e-06
334 2.316705552811984e-06
335 5.104675009933037e-06
336 5.990063996172704e-06
337 9.549410653820453e-07
338 6.406566740174863e-07
339 1.224470975111541e-06
340 7.043240091385844e-07
341 2.069852471553795e-06
342 1.091446126163228e-06
343 1.675119518483640e-05
344 2.156360577551148e-05
345 4.434754386173788e-06
346 7.929858957180998e-07
347 6.106863926245206e-07
348 2.677344830880372e-06
349 7.989973642569724e-07
350 6.576098556789844e-06
351 3.635632289144910e-07
