0 1.000000000000000e+02
1 1.118033955208875e+01
2 3.030302341597855e+00
3 1.260681169074283e+00
4 6.555001203374301e-01
5 3.896726990651210e-01
6 2.531634996562017e-01
7 6.371042355803354e-01
8 1.819938241353629e-01
9 1.270548443425486e-01
10 8.331520855390424e-01
11 9.597865510397847e-02
12 7.396969208699647e-02
13 6.412188218756232e-02
14 2.748900131518168e-01
15 1.614707988459647e-01
16 4.738304846442978e-02
17 4.805698188666704e-02
18 6.500868011441534e-02
19 6.098853807021091e-01
20 3.246143668975098e-02
21 2.363392361153544e-01
22 2.991682954264945e-02
23 6.580289061751543e-02
24 2.484851109403946e-02
25 6.013504843483854e-02
26 2.783904280017928e-02
27 3.132379539624314e-02
28 1.226266141590241e-01
29 4.073514804143213e-01
30 6.452139183469878e-02
31 1.746055923518997e-02
32 1.568404848417581e-02
33 4.781515583515979e-02
34 9.825826208439449e-02
35 1.261903647321904e-01
36 1.375936176266076e-02
37 2.095941097495124e-01
38 4.149897190989776e-02
39 1.197534097853125e-02
40 6.329177456371336e-02
41 1.349717834137341e-02
42 3.356860129051956e-02
43 3.349926774980610e-02
44 2.193382703639776e-02
45 1.053447671786335e-02
46 7.882095108104401e-02
47 1.900846968134772e-02
48 3.349015661977493e-02
49 9.382229196501349e-03
50 2.390204812343124e-02
51 8.073994408788314e-02
52 1.104512518160776e-02
53 1.018106664723737e-02
54 6.157654014466912e-02
55 1.271286322418989e-01
56 8.158330113060932e-03
57 1.237321724822036e-01
58 1.664547396035790e-02
59 1.583194457879695e-02
60 6.401884254677037e-03
61 2.504169012229278e-02
62 1.822011006439280e-02
63 1.434215695912180e-01
64 5.627557369303647e-02
65 5.987132421395702e-03
66 1.278463283327785e-02
67 1.621821383621396e-02
68 2.243330607230980e-02
69 1.109034587979810e-02
70 7.129807464562926e-03
71 2.770550987729268e-01
72 3.361894787753888e-02
73 9.028115801488551e-03
74 6.484249102495509e-03
75 1.174843845652331e-02
76 5.262664667985394e-03
77 8.352191565326668e-03
78 1.530878618982810e-02
79 7.997970721296379e-03
80 1.442573283144672e-02
81 7.053302107518067e-03
82 2.452652389025508e-02
83 8.862502623825801e-03
84 1.006816960056572e-02
85 5.429703360531810e-02
86 3.032897766018614e-02
87 1.396334893976248e-02
88 3.964395546993582e-03
89 8.198387937014296e-03
90 9.755783761899367e-03
91 4.098379564117158e-03
92 3.960037319516459e-02
93 1.623381257277830e-02
94 1.730578411150307e-02
95 3.202131621714765e-02
96 6.781494752062318e-03
97 3.575855281184418e-03
98 1.141053237959209e-01
99 1.924801722353271e-02
100 1.255246007271525e-02
101 3.521675044123482e-02
102 3.344960249753515e-03
103 8.738428102276197e-03
104 5.943572810948522e-03
105 2.605990565664774e-02
106 1.910807602361149e-02
107 3.156993473055489e-03
108 2.918656499776082e-02
109 9.811814146393897e-03
110 3.437144087824890e-02
111 7.151331975835939e-03
112 7.343456050489563e-03
113 1.598244817171679e-02
114 3.309870050661800e-03
115 6.793352162465948e-03
116 2.619008956122190e-02
117 1.389377689889107e-02
118 5.334661107196270e-03
119 2.449508110290678e-02
120 6.683701558228082e-02
121 2.740523062551801e-03
122 1.060041632385965e-02
123 2.646460204137223e-02
124 5.664442695075844e-03
125 4.510215685925656e-03
126 1.058890109918605e-02
127 1.105852243774328e-02
128 3.007912040414654e-03
129 1.555079366888195e-02
130 2.835220977248597e-03
131 5.997464269611712e-03
132 3.603850965167762e-03
133 3.750859408644495e-02
134 9.871490243739272e-03
135 7.306060129550441e-03
136 4.988329156885692e-03
137 5.746037553821829e-03
138 3.280158142828175e-03
139 5.923745354045721e-03
140 5.867680451612613e-03
141 2.253492322773031e-02
142 1.128150542608362e-02
143 4.533554996360802e-03
144 1.994454798882892e-03
145 1.247738650646464e-02
146 5.236581069542143e-02
147 1.900961431005460e-02
148 1.532428076865530e-02
149 5.931016911369349e-03
150 4.334815446264921e-03
151 6.947140713868780e-03
152 2.160044644199843e-03
153 5.002007037451846e-03
154 7.250276101954900e-02
155 6.878718866086624e-03
156 4.693942388615313e-02
157 1.762218468285053e-03
158 4.765192510065577e-03
159 8.477324930733875e-03
160 3.659993722673145e-02
161 4.542509639326718e-03
162 1.156760974585020e-02
163 3.754868859170171e-03
164 6.583595346689212e-03
165 5.422436146756883e-03
166 2.252005408398729e-03
167 6.062625193246377e-03
168 5.877599650927194e-02
169 1.212230340406433e-02
170 6.753746151097475e-03
171 2.285231946085393e-03
172 3.371687766919577e-03
173 4.608508812370595e-03
174 2.811004652154102e-03
175 6.213259903440158e-03
176 1.601780642890299e-02
177 3.935187144685499e-03
178 1.804790944595374e-03
179 3.216849095077769e-03
180 8.027533809328920e-03
181 9.819793941968139e-03
182 3.565152024891278e-03
183 6.326437090503574e-02
184 7.213160446034272e-03
185 6.569855268172622e-03
186 1.812080396611075e-03
187 3.902258901818663e-03
188 2.559879252838049e-02
189 3.598685297338048e-03
190 6.339235603897503e-03
191 2.881866557917240e-03
192 5.183441299953674e-02
193 3.855923208169697e-03
194 6.909670172669732e-03
195 1.182087625897993e-02
196 1.359488351320562e-03
197 2.194136596670007e-02
198 2.465112499774646e-03
199 6.748934763042213e-03
200 2.850673821345765e-02
201 1.109015673775830e-02
202 1.398507778173553e-03
203 4.407680003875469e-03
204 6.499159659115366e-03
205 4.301751669758899e-03
206 5.993024924546437e-03
207 2.827220963921720e-03
208 6.826356810948940e-03
209 5.892799385811499e-03
210 1.108347301351163e-02
211 3.215517925988232e-03
212 1.657846118154124e-03
213 9.054288129464391e-03
214 2.336385607370344e-03
215 9.436994332184645e-03
216 1.716809516098964e-02
217 1.266077633905648e-03
218 4.006344100944158e-03
219 3.018281469815692e-02
220 2.292633673610608e-03
221 8.262436957601442e-03
222 5.352796172067333e-03
223 2.740352173947797e-03
224 2.289060222719543e-03
225 3.331755007045488e-03
226 1.440230969368440e-03
227 6.272231946423536e-03
228 5.797282805135267e-03
229 1.088445430991918e-02
230 1.223473863924124e-02
231 3.504284568474310e-03
232 5.359601528113527e-03
233 4.428370669869189e-03
234 2.815968966884323e-03
235 2.728988086071265e-02
236 4.819878468769662e-03
237 1.805364196573176e-03
238 1.505048423279669e-03
239 1.965186194158219e-03
240 8.720245471648212e-03
241 7.865583493570739e-03
242 2.630170102794478e-03
243 2.059763364708702e-03
244 1.552078654303533e-03
245 2.755530512827360e-03
246 3.699183862632083e-03
247 2.555268148994214e-03
248 7.115721712372801e-03
249 3.122289101703017e-02
250 5.754972493754560e-03
251 2.134948323441198e-03
252 3.277491428148011e-03
253 5.683303629859305e-03
254 2.030604461504565e-03
255 1.942997344671559e-03
256 1.345744292162062e-03
257 3.695570592202969e-03
258 4.338633972388425e-02
259 2.055350520725550e-03
260 2.870573321979395e-03
261 8.811638848993233e-03
262 1.439022766500874e-03
263 1.467320252890571e-03
264 1.800281518618507e-03
265 1.482803300771236e-02
266 1.083579918966473e-02
267 5.908607017212307e-03
268 7.845932333561541e-03
269 3.348861164034929e-03
270 2.666808244285629e-03
271 1.437864358972474e-03
272 9.536342021619103e-04
273 8.416836211774499e-03
274 5.609664414239129e-02
275 3.375861180764123e-02
276 5.329208018486451e-03
277 4.376245446702072e-03
278 1.894231269960948e-03
279 1.496466265439205e-03
280 5.015246287756551e-03
281 7.539540571176852e-03
282 1.530840247190583e-03
283 1.381878601800814e-03
284 5.350773360882694e-03
285 2.213789124778332e-03
286 4.366816419596936e-03
287 6.308520428647698e-03
288 4.270388900007688e-02
289 3.176881972007826e-03
290 2.734716023628725e-03
291 9.906026609132700e-04
292 1.972840279376312e-02
293 4.986330191847202e-03
294 2.842665538197362e-03
295 2.821619631138412e-03
296 1.771109378944816e-03
297 1.429854886726227e-03
298 1.030308608223135e-03
299 1.331238273578812e-03
300 8.298236800433309e-03
301 2.737920698277949e-03
302 9.149117556406499e-03
303 2.128980526930308e-03
304 1.947358876067830e-03
305 2.488381978392169e-03
306 5.661083776282947e-03
307 5.513046286495596e-03
308 5.459090797646739e-03
309 2.387005475533575e-03
310 3.553784454870184e-03
311 3.373616183131116e-03
312 1.123398979432485e-03
313 9.637769544579752e-04
314 1.925072102190393e-03
315 2.050401426887883e-02
316 3.283789525758278e-03
317 5.512469423644827e-03
318 4.916193950598183e-03
319 1.085618893476064e-03
320 1.930323588648106e-03
321 1.573183415851255e-03
322 1.637500423497731e-02
323 1.192084434151530e-03
324 2.294847189337371e-03
325 1.475135735459984e-03
326 2.769098726971756e-02
327 3.533873426052471e-03
328 2.984429757256316e-03
329 1.697719059941387e-02
330 1.102242636998729e-03
331 2.615889534292400e-03
332 3.622388366062859e-03
333 9.362589011727375e-04
334 3.364615953793729e-03
335 8.208367942140226e-03
336 2.169855630834444e-03
337 2.443171500990889e-03
338 1.460089011830193e-03
339 2.959250987241799e-03
340 1.125722371439964e-03
341 8.069214843143516e-04
342 9.554691933157815e-03
343 1.907513084158924e-03
344 1.415880810271661e-03
345 2.639489915677913e-02
346 2.102895409364040e-03
347 3.060570549981686e-03
348 3.452882944831986e-03
349 1.021357656589806e-02
350 1.767040953905461e-03
351 1.694139593724080e-03
352 4.366147882771254e-03
353 8.957393389049373e-04
354 2.099187201396036e-03
355 9.476377205918066e-04
356 1.051637657119679e-02
357 3.208647829411073e-03
358 1.689291584285811e-03
359 2.512234911566392e-03
360 1.072796574862010e-03
361 2.555360798752823e-03
362 2.406304527344152e-03
363 2.837794221404831e-03
364 8.690680693583704e-04
365 1.360138351954306e-03
366 1.755179693061687e-03
367 2.577394190074543e-03
368 2.410383730372173e-03
369 4.667327280575064e-03
370 1.515003471205689e-03
371 6.768692659379530e-03
372 1.057227037489680e-02
373 3.243862696876452e-03
374 2.945358988986452e-03
375 1.517037470316696e-03
376 2.414354766769673e-03
377 7.911191142052737e-03
378 7.592896239242810e-04
379 9.778855531250034e-04
380 7.065833050936451e-03
381 8.169363010233160e-04
382 1.266730344692376e-02
383 4.865839819378306e-02
384 2.521726457437704e-03
385 3.869981053819309e-03
386 1.111823621333482e-03
387 7.432055993500282e-04
388 1.219990087961267e-03
389 2.936696498765954e-03
390 5.497941981275376e-03
391 2.445540925624339e-03
392 9.272018553920994e-04
393 1.032559151290250e-03
394 3.188968511889344e-03
395 2.695334730644412e-03
396 4.836563095653262e-03
397 6.063180669865178e-04
398 3.524888409640379e-03
399 1.033128916199682e-03
400 3.259744359788315e-03
401 1.456574177137656e-03
402 2.206002996165347e-03
403 9.067316773157892e-03
404 1.538115194153545e-03
405 1.079018549537897e-03
406 9.419174212264608e-03
407 1.021924902487304e-03
408 2.598332342554112e-03
409 7.970414073812734e-04
410 7.156509046241351e-03
411 4.592450758655349e-03
412 1.769832843326875e-03
413 8.903562523308954e-04
414 1.411285818566472e-03
415 3.580529391937451e-03
416 2.742369420476479e-03
417 3.522634415249454e-03
418 1.500710713153759e-03
419 2.220503315864244e-03
420 3.783599781760085e-03
421 5.659939088559936e-04
422 1.396247290227897e-03
423 1.590747033133772e-02
424 1.078970849384015e-02
425 4.522409657106696e-03
426 6.739737676310918e-04
427 1.123014299413183e-03
428 2.881285303956494e-03
429 1.271358923419696e-03
430 2.474665904674482e-02
431 5.578087779786074e-03
432 2.567766775447158e-03
433 3.223822162966222e-03
434 4.482169930827093e-04
435 9.347237596798500e-04
436 6.617363760070830e-03
437 1.065641112861174e-02
438 1.687671944398974e-03
439 9.675651038738381e-04
440 2.319507895824020e-03
441 3.305589641830889e-03
442 2.200305287867455e-03
443 5.000542526948984e-04
444 1.071125097117673e-03
445 1.168450719934305e-03
446 1.712354547871645e-03
447 1.504677604181234e-03
448 4.873107316208524e-03
449 1.873897721414340e-03
450 1.501137684019247e-03
451 2.756104667639346e-03
452 6.704721504721052e-03
453 1.104080024892853e-03
454 1.070730418308351e-03
455 9.527299797852668e-04
456 8.114925960195029e-04
457 3.489326935951675e-03
458 8.147207296129266e-04
459 5.843415178191518e-03
460 7.004354034138198e-04
461 5.163675400644939e-03
462 1.573080160626820e-03
463 1.006310524082561e-03
464 1.271775438209123e-02
465 2.000228873674651e-03
466 4.010648904256126e-03
467 2.098551162801018e-03
468 3.014206638471051e-03
469 6.725665916285125e-03
470 4.776400808988458e-04
471 1.422458775067937e-02
472 6.997031392561755e-04
473 1.508678598789465e-03
474 1.910720774282315e-03
475 7.823037911838005e-04
476 1.092530986026918e-03
477 1.679998274472175e-02
478 3.486852096521220e-03
479 3.014294861022300e-03
480 2.389881658540989e-03
481 1.705700379138776e-03
482 6.594389873177793e-04
483 8.253244372467423e-04
484 1.906650467594423e-03
485 5.867433051037887e-04
486 6.329922744957373e-04
487 2.496835926622022e-03
488 8.343841924881497e-03
489 6.724828379252697e-04
490 1.076391703224186e-03
491 4.564728370606815e-03
492 7.714762502133112e-04
493 8.415024365556269e-04
494 1.621118325163051e-03
495 1.060022783711441e-03
496 9.122530402413146e-04
497 1.291529094118495e-03
498 8.433484142479494e-04
499 8.801160611715286e-04
500 3.133401420097649e-03
501 8.292413537694758e-04
502 2.057754814647479e-03
503 2.468435395901952e-03
504 2.208500052340821e-03
505 2.946024668616628e-03
506 1.046830691875988e-03
507 8.322413482489902e-04
508 5.127940235804693e-04
509 1.287980570725541e-03
510 3.589719161647228e-03
511 1.992078227692533e-03
512 5.314977634195441e-04
513 1.841022062091918e-03
514 1.038965844215193e-03
515 1.042984801038549e-03
516 3.900914468683587e-03
517 8.457319919058704e-04
518 3.280537074939481e-03
519 9.497443803836419e-04
520 9.091777143152509e-04
521 4.525799732790716e-04
522 4.638027977638539e-03
523 1.500537638231393e-03
524 6.644600231715328e-03
525 8.810581112085350e-04
526 2.517556052512043e-03
527 6.170377586793863e-04
528 2.951645769487084e-03
529 7.098206283820395e-04
530 1.661082580175888e-03
531 1.518283484446816e-03
532 1.220365849035076e-03
533 1.340122430400572e-03
534 2.971361347434762e-03
535 1.057893612806982e-03
536 3.311778456473086e-04
537 3.557608198681493e-03
538 7.318327824531601e-04
539 4.523108661982008e-03
540 1.629509990542121e-03
541 4.660825276548063e-03
542 5.115883405135452e-04
543 3.057968258316406e-03
544 5.069560413154508e-03
545 8.328884048237803e-03
546 7.735619146964351e-04
547 1.377286416412376e-03
548 4.463098111731198e-04
549 1.297466186318823e-03
550 1.210148687661494e-03
551 6.978198385663046e-03
552 9.262783841867280e-04
553 4.398111513986571e-04
554 8.155937630229385e-04
555 1.007949148125648e-03
556 1.624232188150416e-03
557 4.490058706930249e-03
558 1.063058235369085e-03
559 2.542462538700267e-03
560 3.345247636665721e-04
561 1.030103952250112e-03
562 1.896252997820466e-03
563 1.141825523943836e-03
564 3.235562645922583e-03
565 6.580285059192774e-03
566 5.624590063821540e-04
567 5.856680341455379e-04
568 8.073375042562076e-03
569 8.559785376523653e-04
570 1.024459306350662e-03
571 1.156682878323862e-03
572 7.480210803645640e-04
573 6.154755506568814e-04
574 1.227968508734113e-03
575 6.133968502545513e-04
576 3.351589002195513e-03
577 2.164117426564908e-03
578 3.657857162103856e-04
579 2.320793026481292e-03
580 1.374145599192896e-03
581 2.554972418356826e-03
582 1.306548494005301e-03
583 6.865675028230495e-04
584 8.007762589348848e-04
585 5.468318104061465e-03
586 2.964863234133129e-03
587 1.055995751373128e-03
588 6.813966892997567e-04
589 1.984668312813601e-03
590 5.356537539371663e-03
591 7.190145218692144e-04
592 7.728027606168032e-04
593 1.849288781841026e-03
594 3.021220363911279e-04
595 5.076672610687507e-03
596 5.030682946886392e-04
597 1.268394826915604e-03
598 2.046571311452153e-03
599 8.843623456064886e-03
600 8.341473259219723e-04
601 4.513482949371898e-04
602 2.658739356426831e-03
603 6.292595167560279e-04
604 5.716724176515538e-04
605 5.289526965905284e-04
606 2.424453174737233e-03
607 1.460761158078978e-03
608 5.522764984753986e-04
609 5.754964703430978e-04
610 4.482317770824211e-04
611 2.683071682698309e-03
612 1.026737271170484e-03
613 8.111352748882454e-04
614 1.263273696110563e-03
615 1.552963835843929e-03
616 7.914961080488597e-04
617 1.051921829967991e-03
618 6.002087189055130e-04
619 1.921377459643023e-03
620 3.053973544352999e-04
621 4.655053353539497e-03
622 1.152467447004495e-03
623 2.372011782480799e-03
624 5.676012401564414e-04
625 5.344916720734524e-04
626 8.919547186935647e-03
627 5.031174851907064e-04
628 7.729813543336924e-03
629 8.021536250801949e-04
630 3.178723921165252e-03
631 4.970757693725694e-04
632 8.865632619007625e-04
633 3.141980059042237e-03
634 6.560987290747633e-04
635 3.628757143786252e-04
636 4.096728094020063e-04
637 1.707456021653220e-03
638 3.721153270160612e-03
639 5.454913387372741e-04
640 4.653097376374153e-03
641 3.495681116385466e-03
642 1.806119079966210e-03
643 7.355729134633937e-04
644 5.765501604780738e-04
645 1.286485393880192e-03
646 1.649633034800509e-03
647 9.308755518171639e-04
648 4.817264271398760e-03
649 4.664965696353916e-04
650 6.535351294429027e-04
651 2.279241565563224e-04
652 1.204938366906768e-03
653 4.874301733771718e-03
654 7.932768318840335e-04
655 1.648224800332298e-03
656 1.233008837323067e-03
657 7.242301391225715e-04
658 5.358147655935614e-04
659 2.180561772509067e-03
660 2.332874743580253e-03
661 3.238164966497830e-04
662 7.022912135157610e-04
663 5.203682858834505e-04
664 6.663791566780304e-04
665 5.323942772778115e-04
666 6.894995171190492e-04
667 2.518295126898723e-03
668 3.482720325875731e-04
669 3.751222346456369e-04
670 1.633713322971145e-03
671 7.492891454346878e-04
672 3.820937406346927e-04
673 6.536490773217957e-03
674 2.630141736473997e-03
675 7.275190539198589e-04
676 1.543389703970956e-03
677 3.996099581159320e-04
678 2.432161187344471e-03
679 1.136683960201290e-03
680 8.717613237078151e-04
681 5.441848295673613e-04
682 4.214122243692490e-04
683 3.152621067762526e-03
684 2.772124580980904e-04
685 6.297130197580066e-04
686 1.262873460489729e-03
687 8.778993144843677e-04
688 2.061707935169774e-03
689 1.211578536089468e-03
690 1.009190291749406e-03
691 4.876656542453183e-04
692 7.261997050858607e-03
693 1.257116281831866e-03
694 1.138386765098455e-02
695 7.478118872011462e-04
696 7.993422203649723e-04
697 2.954095657418924e-04
698 2.319799256117742e-04
699 1.557406767859262e-03
700 8.405224809031981e-03
701 5.235626926338857e-03
702 8.485516697844053e-04
703 1.351509357357485e-03
704 1.589846025846009e-03
705 3.628388271230966e-04
706 1.543939021359393e-03
707 5.277690558403886e-04
708 5.335728566441576e-03
709 7.229786646774629e-04
710 1.059124452762301e-03
711 2.537695428999582e-04
712 2.577889747533381e-04
713 1.570634240901892e-03
714 1.219691802818672e-03
715 3.723974446748264e-04
716 2.676912563303721e-03
717 5.087252233152233e-04
718 4.537732288999860e-04
719 3.887376332899029e-03
720 4.510363770075104e-04
721 9.091624797834887e-04
722 1.217082046367128e-03
723 1.272052643692755e-03
724 4.917049885050281e-04
725 3.458970506385244e-04
726 6.966929900006898e-04
727 1.275882443382390e-03
728 1.821040511822884e-03
729 9.474798545870260e-04
730 3.508700087104181e-04
731 3.161382114950971e-04
732 2.929462243590046e-04
733 1.441864356170613e-03
734 6.675944981743427e-04
735 3.200443873938000e-03
736 5.682559332792998e-04
737 1.817885607878857e-03
738 1.080966557577024e-03
739 2.326002335620051e-04
740 4.314189804034968e-04
741 2.063739297036782e-03
742 5.663493228508747e-04
743 3.510233602661351e-04
744 4.166582346286105e-04
745 2.928732549577735e-04
746 4.784144492192089e-03
747 3.090977416574676e-04
748 8.197229657448608e-04
749 5.516788892188000e-03
750 1.528355592752327e-03
751 6.384165837615675e-04
752 7.950212485696119e-04
753 5.743171356745033e-04
754 7.405469852531650e-04
755 1.346874264019114e-03
756 1.658657110643927e-03
757 2.827885077596860e-03
758 6.875124713768364e-04
759 1.213684726149167e-03
760 2.060967878978050e-04
761 2.799746722794058e-04
762 3.393140690005982e-04
763 1.612565753096417e-03
764 3.947579096025886e-04
765 3.724921353206848e-03
766 3.476404898608825e-03
767 7.830183065062793e-04
768 2.477756236002583e-04
769 3.945072929256269e-03
770 2.473375066726787e-03
771 2.738753279836302e-04
772 1.328940136273163e-03
773 3.906822270714550e-04
774 5.411226903707676e-04
775 8.373938790923318e-04
776 5.016601842163981e-04
777 6.963069952957302e-04
778 3.718764468636111e-04
779 2.089958993900269e-04
780 4.624579177835858e-04
781 3.957167739719063e-04
782 4.516828764688453e-03
783 1.870107658409179e-03
784 8.840871592564644e-04
785 2.997421645985953e-04
786 3.560166290009190e-04
787 4.083592266027531e-04
788 4.885148168786248e-04
789 1.576153943171481e-03
790 1.852817686120150e-03
791 7.204194676227537e-04
792 4.368803251929086e-04
793 4.675307945103734e-04
794 5.891340768589710e-04
795 5.114146756228046e-04
796 2.228794189535997e-04
797 7.130185901272734e-04
798 2.593538378709037e-04
799 6.797652806787153e-04
800 8.474331799595741e-04
801 1.846607826621486e-03
802 6.986867484591229e-04
803 2.384307488855789e-03
804 1.102848305380558e-03
805 7.142601263984836e-04
806 2.241402638676600e-04
807 7.969026787334115e-04
808 3.755062066419210e-04
809 2.496453344982792e-04
810 1.417481605869212e-03
811 2.452989692662524e-03
812 6.730125488226332e-04
813 1.959519286547207e-04
814 1.820889801832211e-04
815 3.511977105874103e-03
816 1.543324833592691e-03
817 8.762779575748405e-04
818 5.505050944837418e-04
819 2.768552797330309e-04
820 2.572258943618746e-04
821 4.689145491066088e-04
822 6.095379555053824e-04
823 3.913643621973197e-04
824 6.916671478923722e-04
825 2.198805995724696e-04
826 6.149007000414716e-04
827 5.863379598221265e-04
828 4.293041943968102e-04
829 9.253482345931261e-04
830 1.727270550324713e-03
831 4.033007784526350e-03
832 4.088659096724072e-04
833 2.160130575343489e-04
834 4.304220751438613e-04
835 7.122509658548089e-04
836 8.233868371191795e-04
837 6.284560918010413e-04
838 9.416181848273833e-04
839 1.349941525091867e-03
840 9.345119439823538e-04
841 2.589634657004980e-04
842 1.428737711377470e-03
843 2.543240534972538e-04
844 4.535472209090598e-03
845 3.277329104160946e-04
846 7.548429615889861e-04
847 1.878305934464532e-04
848 5.902611550144757e-04
849 2.731337996690019e-04
850 3.374772479219631e-04
851 5.482723772570195e-03
852 1.105478722442488e-03
853 1.964074769677462e-04
854 4.646338753038359e-04
855 4.637638600967951e-04
856 1.119097724536689e-03
857 4.648071764666460e-03
858 3.248734949444094e-03
859 6.422502499548398e-04
860 2.004838034416547e-04
861 2.476020031994113e-04
862 1.481753923449684e-04
863 5.775660558113029e-04
864 1.335620747037478e-03
865 7.557808989081715e-04
866 1.962870923281701e-03
867 2.471291269727565e-04
868 1.461744888278465e-03
869 2.331674470037210e-04
870 5.135433045095443e-04
871 8.479066864991260e-04
872 1.409508236221883e-03
873 1.169603656807095e-03
874 2.739606315999506e-04
875 5.582179728620111e-04
876 1.560324378074717e-04
877 5.214487324551433e-04
878 3.714648087340136e-04
879 2.877946351441759e-04
880 1.868636930263657e-04
881 6.542377854596783e-04
882 3.713924411002589e-04
883 3.135935215098833e-03
884 5.731662606851762e-04
885 1.969702622806654e-03
886 2.081378581459806e-04
887 5.154536504385017e-04
888 1.042568698972488e-03
889 3.545628216615688e-04
890 2.579812120685986e-04
891 4.406340571794913e-03
892 2.414463261451484e-04
893 1.583046763779298e-04
894 3.659586537489826e-04
895 2.737796201843366e-04
896 2.106596189894993e-04
897 8.481873426210663e-04
898 1.365781799283439e-03
899 3.198073590270394e-04
900 3.397430433420260e-04
901 3.720443176417872e-03
902 2.646679019276832e-04
903 4.310284816661529e-04
904 2.527865600832476e-03
905 6.202764189587362e-04
906 2.396805654265313e-04
907 3.000721124981628e-04
908 9.054029893030439e-04
909 3.643920352856372e-04
910 4.823036970392903e-03
911 1.553792286723119e-03
912 5.977889579870538e-04
913 1.777754958696050e-04
914 2.025315864195616e-04
915 2.770397911539243e-04
916 1.437404449541783e-04
917 5.710484307974825e-03
918 4.165713076363786e-04
919 5.971076257915056e-04
920 7.733442302755140e-04
921 5.902073529077404e-04
922 7.072901260247772e-04
923 6.689087467891353e-04
924 4.962714701282346e-04
925 1.990302115999141e-03
926 5.284019388050110e-04
927 1.978173157565176e-04
928 2.234875753428015e-03
929 4.216772138657181e-04
930 1.677784543384610e-04
931 5.843849441601150e-03
932 9.975325400380768e-05
933 6.858227473011451e-04
934 3.955434688202649e-04
935 3.773757932556228e-04
936 4.215110899831655e-04
937 1.673912808045775e-03
938 2.273024726617481e-03
939 1.556888067009169e-04
940 1.137974040439888e-03
941 4.232390872615845e-04
942 2.610495704533684e-04
943 5.049402177659801e-04
944 3.345515468176198e-04
945 8.817670832885184e-04
946 1.704625446414447e-04
947 3.927664232002811e-04
948 7.891658302800835e-04
949 4.682562845292222e-04
950 2.751097991254335e-04
951 6.972535667516537e-04
952 1.448402775199386e-04
953 1.024870265264163e-03
954 2.064846660653829e-04
955 2.004527930067903e-04
956 1.897443104273041e-04
957 7.734596056462804e-03
958 2.167914017184000e-04
959 8.093956922737272e-04
960 3.942162573527384e-04
961 4.719971788632242e-04
962 1.041925544209959e-03
963 2.188519365574767e-04
964 6.983035454833130e-04
965 1.668559654303179e-04
966 1.822164318301406e-04
967 2.115639315185410e-04
968 3.549463593124493e-04
969 5.692360488793085e-04
970 7.252241231976206e-04
971 1.164523500987413e-03
972 2.681280046375981e-04
973 3.399037858128253e-04
974 1.417871107353762e-04
975 2.771029674973351e-04
976 3.587725802594255e-04
977 4.500525572127397e-04
978 4.786680157855224e-04
979 1.084618783945259e-03
980 4.190420564800411e-04
981 2.162408235492014e-04
982 2.017366086434861e-04
983 8.834372322559677e-03
984 2.015041519630364e-04
985 4.680506673403589e-04
986 2.789554199140345e-04
987 1.050871737690794e-03
988 1.709835658982426e-04
989 1.348713871080819e-04
990 1.015743208988573e-03
991 1.142662495124133e-04
992 6.416854617306159e-04
993 2.941023887494894e-04
994 1.603549455304158e-04
995 1.358658160431743e-03
996 2.150752036620903e-03
997 4.954328305578212e-04
998 4.105327619571083e-04
999 6.241390838602399e-04
1000 1.393033557051922e-04
1001 4.407104617717286e-04
1002 5.503877304665711e-03
1003 1.341836041871433e-03
1004 2.264245046667218e-04
1005 4.571930256966497e-03
1006 3.406914808390179e-04
1007 8.353319395229102e-05
1008 3.622582400084922e-04
1009 1.873005812742612e-04
1010 2.842550474180976e-04
1011 2.650946494459936e-04
1012 2.175984212226455e-04
1013 1.465425437868713e-03
1014 1.219585893727709e-03
1015 3.337149022160967e-03
1016 2.296247731825769e-04
1017 2.430185268051872e-04
1018 1.411173964135567e-03
1019 3.442023387595031e-04
1020 3.637567493244504e-04
1021 8.465825011090668e-04
1022 2.752841175225727e-04
1023 9.216857239147678e-05
1024 1.400529101340282e-03
1025 4.654839881872051e-04
1026 2.428426709188681e-04
1027 2.468946449070412e-03
1028 5.933932840662566e-04
1029 8.374329530343408e-05
1030 1.599036947765657e-04
1031 1.038734533592032e-03
1032 1.879832592101697e-04
1033 9.201254177866168e-04
1034 1.563734284484468e-03
1035 3.167290148501544e-04
1036 6.381272030081758e-04
1037 3.118004727783075e-04
1038 5.002987330309981e-04
1039 5.002959742045981e-04
1040 6.990349685422877e-04
1041 3.664078527914870e-04
1042 1.422323409790693e-04
1043 5.049032504472624e-04
1044 1.876996980294758e-04
1045 1.194776143193135e-04
1046 8.632427038639596e-04
1047 1.834179963259032e-04
1048 7.800399523820160e-04
1049 2.414156534548919e-04
1050 1.116206336068025e-04
1051 3.752137281722897e-04
1052 8.099042005374142e-04
1053 1.401185987649251e-03
1054 1.554203246162885e-04
1055 4.391248723111186e-04
1056 2.072847260879183e-04
1057 6.505093555072935e-04
1058 1.880261239497743e-04
1059 2.615789997489413e-03
1060 2.496768097572765e-04
1061 2.704768228731078e-04
1062 1.824664072408261e-03
1063 4.432117793751557e-04
1064 3.557219404562323e-04
1065 3.900406582654959e-04
1066 1.267653843162099e-03
1067 1.564696403345364e-04
1068 9.265411149535199e-04
1069 7.024168841621304e-05
1070 1.210002228411634e-04
1071 1.142332922974657e-03
1072 1.122858266623168e-03
1073 2.475349697875241e-04
1074 2.850306582814072e-04
1075 2.492700906782201e-04
1076 1.333618449516707e-04
1077 2.582961841639455e-04
1078 5.866177992485745e-04
1079 1.407625552108036e-04
1080 6.298484115123606e-04
1081 2.444156889179015e-03
1082 1.230228779296202e-03
1083 3.992432252636295e-04
1084 2.589182239714909e-04
1085 4.277145367692943e-03
1086 5.672934342744220e-05
1087 6.533416303886907e-04
1088 1.417113651610430e-04
1089 9.044092370788303e-04
1090 1.455558224658787e-04
1091 1.874918169486685e-04
1092 8.339022594887520e-04
1093 1.646049526277901e-04
1094 1.011988148220802e-03
1095 4.355489828655260e-04
1096 3.684740880003043e-04
1097 3.829565736193910e-03
1098 1.136846256574691e-04
1099 2.486247067027733e-04
1100 4.558773535398440e-04
1101 2.438835569292922e-04
1102 1.870815997770667e-04
1103 4.306414770882035e-04
1104 9.985865077679022e-05
1105 1.952278341018271e-04
1106 2.095870457079557e-04
1107 1.975727389514730e-04
1108 2.174560056856861e-04
1109 4.337059982241820e-04
1110 1.326128224331649e-04
1111 5.889499003001288e-04
1112 1.443120025544111e-04
1113 2.073039561972147e-04
1114 1.126170372779071e-04
1115 1.029632559879922e-03
1116 1.261930547326647e-03
1117 1.275096525829007e-04
1118 2.728315332012055e-04
1119 1.615548278337712e-03
1120 8.310178974654507e-05
1121 3.383770685986866e-04
1122 1.469868875650510e-04
1123 1.184419921911488e-03
1124 6.401669580046162e-04
1125 1.271610997436873e-04
1126 7.543456530853162e-05
1127 2.240108906346039e-03
1128 9.685483515430843e-05
1129 8.768470404511146e-04
1130 2.126853550534340e-04
1131 2.571802271109738e-04
1132 3.681017902787568e-04
1133 4.652937415024162e-04
1134 4.064167128235994e-04
1135 2.147271746129728e-04
1136 3.288050986030616e-04
1137 4.560989413922184e-04
1138 2.867611943569410e-04
1139 2.357354515025312e-04
1140 2.546895251795463e-04
1141 1.445063466225854e-04
1142 4.089598389479719e-04
1143 1.266877564306542e-04
1144 1.525171248370748e-04
1145 1.521163276546976e-03
1146 8.217807803738504e-05
1147 3.568653128918348e-04
1148 7.703990294820117e-05
1149 5.554819823732180e-04
1150 2.209166623052533e-04
1151 3.192473565891495e-04
1152 1.492723899530241e-04
1153 2.655070788350554e-04
1154 7.509044274406405e-04
1155 1.295488065942470e-04
1156 8.636025733641928e-04
1157 2.348350956183984e-04
1158 9.837186238148077e-05
1159 2.860982284701246e-04
1160 1.652257648639103e-04
1161 3.530184241980279e-04
1162 2.160184621920914e-03
1163 5.807116925223976e-04
1164 8.090127603348456e-04
1165 1.792746593870268e-04
1166 7.642846351368892e-05
1167 1.166249582869696e-04
1168 4.220583269448872e-04
1169 1.620735872877584e-04
1170 7.877072040689327e-05
1171 1.377958279661783e-04
1172 1.810650915464906e-04
1173 1.941142225773411e-04
1174 1.495619633532819e-04
1175 3.184242596627658e-04
1176 1.640829916030712e-04
1177 7.494043373111152e-05
1178 1.575684838109901e-04
1179 2.711800411790522e-04
1180 9.294582950971695e-05
1181 2.392744817297973e-03
1182 4.165515248111052e-04
1183 1.265750327678601e-04
1184 1.530174805870282e-04
1185 1.408789154279547e-04
1186 6.229728421711865e-04
1187 4.096894994600723e-04
1188 2.705339195423554e-04
1189 1.411646723094086e-04
1190 1.289808631082390e-04
1191 1.839135801078727e-04
1192 7.940805103403366e-05
1193 1.052550527475605e-04
1194 7.847824368584297e-04
1195 1.018075820985934e-04
1196 2.828471534061475e-04
1197 5.520583570584596e-04
1198 4.420709869247616e-04
1199 2.558724715636381e-04
1200 2.112965235306344e-04
1201 1.461914663125018e-03
1202 5.550191785420993e-04
1203 1.593928569662021e-04
1204 7.984543184075507e-05
1205 1.689279504726500e-04
1206 8.047447356521966e-04
1207 2.258124618609696e-04
1208 6.562920450291069e-05
1209 3.849549212139248e-04
1210 8.084742435722848e-05
1211 1.866740816148107e-04
1212 2.157762250636226e-04
1213 1.912676506084624e-04
1214 1.520587746698356e-04
1215 1.788172375701486e-04
1216 7.759289982377503e-04
1217 9.310961206293172e-05
1218 7.572941265910923e-05
1219 1.342838167563566e-04
1220 4.498685206022559e-03
1221 1.956365864303410e-04
1222 1.684419134655023e-04
1223 2.891003697050391e-04
1224 5.089322868286438e-04
1225 1.255746510225196e-04
1226 1.189540701043365e-04
1227 2.030928076930920e-04
1228 2.108202065693729e-04
1229 1.025326774578111e-04
1230 7.554062591930368e-05
1231 9.466202869519003e-05
1232 1.456375318800277e-04
1233 7.860294672215661e-04
1234 6.101871405685593e-04
1235 1.015619846001380e-04
1236 8.105486466273743e-05
1237 4.304985036551221e-04
1238 9.669849220843088e-05
1239 6.566210005241116e-04
1240 3.863712460418848e-04
1241 1.069019065517639e-04
1242 1.341037643618324e-03
1243 1.149757474999055e-04
1244 1.893589962448334e-04
1245 1.573210558733760e-04
1246 1.485552703231745e-03
1247 1.858740350147001e-04
1248 1.017432674086211e-04
1249 2.101158022743837e-04
1250 1.823460493013463e-04
1251 1.715902007158767e-04
1252 4.981762679029681e-04
1253 2.531651264205861e-04
1254 5.753057535194783e-05
1255 6.015716569527665e-05
1256 5.697831412880343e-05
1257 3.748655787197754e-04
1258 9.516349320173046e-04
1259 2.689422617499751e-04
1260 4.366408575568315e-04
1261 5.269534068973456e-04
1262 2.687083479990093e-04
1263 5.371261601413758e-05
1264 1.587812074030245e-04
1265 4.611571557279053e-04
1266 2.144642769992481e-04
1267 4.472683253309314e-04
1268 6.946129737235589e-04
1269 3.194561567977215e-04
1270 6.754779359765690e-05
1271 8.240641935647801e-05
1272 7.937847322760421e-04
1273 1.475420107689646e-04
1274 9.745952961911585e-05
1275 4.019087406409910e-04
1276 8.248874275983626e-05
1277 5.944319569785496e-05
1278 2.552219618781118e-04
1279 1.001265645990860e-04
1280 1.941181544993287e-04
1281 7.620315301321077e-05
1282 1.534227010697436e-04
1283 9.989191663297757e-05
1284 6.436242729618226e-04
1285 7.147359440302348e-04
1286 3.205785088113944e-04
1287 4.236455207016606e-04
1288 4.238059728949774e-05
1289 2.248515900489611e-04
1290 1.385091865548890e-04
1291 1.068158453549937e-03
1292 9.235077584012794e-04
1293 8.368839098178882e-05
1294 4.741189162324403e-04
1295 8.893516756208838e-05
1296 5.560041372050628e-05
1297 3.629087479725570e-04
1298 1.098914965595687e-04
1299 5.797444324744400e-05
1300 9.590139994604487e-05
1301 1.439690828357169e-03
1302 1.358473178532305e-04
1303 1.067799165739033e-04
1304 5.674382637326879e-04
1305 1.725322701190327e-04
1306 2.539105476989420e-04
1307 2.319061389738948e-04
1308 1.401110243238770e-04
1309 7.795759173775890e-05
1310 1.300739290767906e-03
1311 8.195016572169623e-04
1312 1.112975775831847e-04
1313 7.422037703392873e-05
1314 6.602376804803370e-05
1315 6.258457403558962e-05
1316 8.266759548033532e-05
1317 7.303169280958566e-04
1318 9.212570054791021e-05
1319 1.256917293040012e-03
1320 1.506926533753568e-04
1321 1.366110074685061e-04
1322 6.338294379139664e-05
1323 1.804673618095723e-03
1324 3.581704576169170e-04
1325 1.683604463062905e-04
1326 6.219394734505726e-05
1327 3.830141903694451e-04
1328 1.607528830861103e-04
1329 4.077121964344718e-04
1330 1.309858744464986e-04
1331 6.951886642173081e-05
1332 1.405824438312087e-04
1333 1.038404750170194e-04
1334 2.950940587934545e-04
1335 4.546012502396414e-04
1336 2.692417822952696e-04
1337 8.293934294807400e-04
1338 9.345699671743871e-05
1339 6.834826628845040e-05
1340 3.558671829374945e-05
1341 3.205746839569198e-04
1342 1.366265279177963e-04
1343 5.453499569355665e-04
1344 2.666148898787581e-04
1345 5.115350509547598e-04
1346 5.360741617676783e-05
1347 1.164794509175850e-04
1348 8.242758919751417e-05
1349 2.247847434546260e-03
1350 1.460815908444176e-04
1351 2.512352594361397e-04
1352 8.428070703391653e-05
1353 1.642651911656310e-04
1354 3.015962967386908e-04
1355 3.396558514159756e-04
1356 1.622660692215395e-04
1357 1.086505179816750e-04
1358 6.432956002293531e-05
1359 7.726392140518324e-05
1360 9.530853018824227e-05
1361 2.530769435669764e-04
1362 1.748041738844273e-04
1363 1.082685582194835e-03
1364 1.094024838390366e-04
1365 9.710824073714771e-05
1366 8.908311856430483e-05
1367 4.192706475464699e-05
1368 9.270870260837128e-05
1369 2.691653413425867e-04
1370 5.540976372571162e-05
1371 2.051640839839409e-04
1372 6.103087588409396e-05
1373 9.672329366722806e-05
1374 7.197777405135675e-05
1375 9.316530279793478e-04
1376 8.206957664615120e-05
1377 1.051159557968193e-03
1378 6.166923534974623e-04
1379 1.252568040153415e-04
1380 5.490323172019242e-05
1381 1.081159960736742e-04
1382 3.414200555618110e-04
1383 8.923212976277808e-05
1384 4.769169050907969e-05
1385 1.304875424834810e-04
1386 8.293202951898197e-04
1387 1.593874424877212e-04
1388 1.079567676753460e-04
1389 5.233116647603903e-04
1390 6.312934681988023e-05
1391 4.099761286779951e-05
1392 1.343963162001070e-04
1393 1.749328600230965e-04
1394 2.895170245591240e-04
1395 1.601264198847686e-04
1396 5.777058099398719e-05
1397 1.329146971244147e-04
1398 1.970106499888772e-04
1399 4.995357049762434e-05
1400 7.439397604416086e-05
1401 4.971221079889547e-04
1402 1.385167897496770e-04
1403 4.324295060372640e-04
1404 9.772713355990074e-05
1405 4.846730206225178e-04
1406 9.346929598412544e-05
1407 2.621341325146177e-05
1408 5.891891756439296e-05
1409 1.530268126899946e-04
1410 9.219670952168389e-05
1411 6.406426234299364e-04
1412 2.406418269115677e-04
1413 1.727956132490020e-04
1414 9.019532445279990e-05
1415 8.937743459982775e-05
1416 6.295172283844218e-05
1417 5.786849363316541e-05
1418 1.081660329598782e-04
1419 3.987627860745630e-04
1420 6.256083562952285e-05
1421 4.635152680138029e-04
1422 1.120278108683601e-04
1423 4.739406198602929e-05
1424 7.172129735709085e-05
1425 4.309476567998025e-05
1426 3.873214427491178e-04
1427 1.637402023100749e-04
1428 3.378316602448130e-04
1429 1.425486627289017e-04
1430 1.677412363550848e-04
1431 8.777442731822462e-05
1432 5.044019245967684e-05
1433 7.401217896475063e-05
1434 5.543951229488740e-05
1435 4.882105069294579e-05
1436 3.508098441333698e-04
1437 1.475036807559427e-04
1438 6.789284747450708e-05
1439 1.926746751317356e-04
1440 9.093600307923345e-04
1441 1.161295652992074e-04
1442 1.258987201953271e-04
1443 6.156388290772907e-05
1444 1.017605400714966e-04
1445 3.851584199846150e-04
1446 2.474021291416175e-04
1447 1.842178942059674e-04
1448 9.596812896592327e-05
1449 5.065830376149094e-05
1450 7.134671160894007e-05
1451 3.525715060335637e-05
1452 4.854339149342609e-04
1453 6.438627072361431e-04
1454 3.673121553016385e-04
1455 4.788771719731863e-05
1456 2.938300595980324e-05
1457 4.711712321603051e-05
1458 1.413829470350741e-04
1459 2.423190030765053e-04
1460 9.365653157682517e-05
1461 1.016041057981393e-04
1462 4.833302578522176e-04
1463 1.032956450608169e-04
1464 6.953920145110231e-05
1465 9.721533238662362e-05
1466 3.223245289279994e-04
1467 1.670016953296953e-04
1468 8.344986638604391e-05
1469 1.291027848543635e-04
1470 3.647989530267627e-04
1471 4.409060665577204e-05
1472 1.472242279350330e-04
1473 4.953232121896148e-04
1474 7.129209149396982e-05
1475 1.298639751957559e-04
1476 4.876473355925409e-05
1477 5.185764913146095e-05
1478 1.216471340531250e-04
1479 1.369616835281921e-04
1480 4.745939232552380e-04
1481 1.009690015483001e-04
1482 2.912550016141102e-05
1483 3.920009975430261e-05
1484 5.941048161724918e-05
1485 2.222568606671832e-04
1486 1.417782201945987e-04
1487 1.062372703188024e-03
1488 5.093951848410952e-05
1489 4.270081650564652e-05
1490 4.549367646753920e-05
1491 1.528689131126015e-04
1492 9.826498756682787e-04
1493 5.327405790876180e-05
1494 1.148301256560659e-04
1495 3.607147922246464e-04
1496 1.149762980843595e-04
1497 2.087471543582390e-04
1498 9.020907129176190e-05
1499 1.808238914854312e-04
1500 2.793121196067872e-05
1501 2.293229012468416e-05
1502 2.849399551771533e-04
1503 3.708977212435670e-04
1504 7.444635004912366e-05
1505 1.847441112102935e-04
1506 7.133263931751642e-05
1507 1.284561505528960e-04
1508 4.860956070027067e-05
1509 1.999198105040675e-04
1510 6.662720439304907e-05
1511 1.482278264485790e-03
1512 6.350876243905344e-04
1513 4.721671111858792e-05
1514 2.916802326222096e-05
1515 2.964484893146442e-04
1516 6.334339530046426e-05
1517 1.219525632001096e-04
1518 1.259370077912670e-03
1519 6.737452211276289e-05
1520 2.832108054372032e-04
1521 7.006269408082274e-05
1522 1.172825074540320e-04
1523 2.445907971211555e-05
1524 8.109686530569249e-05
1525 1.102410301682573e-04
1526 6.404541823363790e-05
1527 7.953915721467177e-05
1528 7.184431635680295e-05
1529 3.941056864428395e-04
1530 3.060891881357379e-05
1531 2.622562903508809e-04
1532 1.594445472388378e-04
1533 7.375857588372963e-05
1534 7.300678281513980e-05
1535 1.037257051355627e-04
1536 2.085599394688537e-04
1537 3.324179735882373e-04
1538 7.554763082940790e-05
1539 6.889304403292720e-05
1540 4.795406203586198e-05
1541 2.254921664530166e-04
1542 2.242521371830201e-05
1543 6.614146234053190e-05
1544 6.826179245113624e-04
1545 6.604972367589683e-05
1546 2.814913624866853e-04
1547 2.764141283179109e-05
1548 4.295675886660671e-05
1549 3.585823333845379e-05
1550 1.147204491013873e-04
1551 7.672646445395586e-05
1552 3.003751063056145e-04
1553 9.923116146167793e-05
1554 3.243568305345605e-04
1555 3.937027093936951e-05
1556 4.802352343220184e-05
1557 4.427343932178248e-05
1558 6.412320502928639e-04
1559 3.817851209861664e-05
1560 1.944882479968922e-04
1561 7.277768606510674e-05
1562 3.611186072327905e-04
1563 7.903917146360076e-05
1564 4.934992845457962e-04
1565 1.181280615767072e-04
1566 3.090210292211095e-05
1567 2.707787555538660e-05
1568 6.869880252240352e-05
1569 4.102523823726463e-05
1570 7.162598602851819e-04
1571 4.243838849308334e-04
1572 1.882529915562588e-05
1573 7.836095517551137e-05
1574 1.632304324567501e-04
1575 6.214939958051202e-05
1576 1.703746767437483e-04
1577 6.579866333180196e-04
1578 4.368193368276978e-05
1579 3.655165473524765e-04
1580 5.377261012604020e-05
1581 4.852668314053455e-05
1582 1.212221037845670e-04
1583 1.203435798423453e-04
1584 5.722883115668514e-04
1585 7.398988502677898e-05
1586 3.695027623524460e-05
1587 6.566627397018405e-05
1588 3.054551396314342e-04
1589 4.020224762951712e-05
1590 7.209756573021364e-05
1591 5.731436281536127e-04
1592 5.487704949539113e-05
1593 2.695489050022308e-05
1594 3.230981040125585e-05
1595 3.658611488132434e-05
1596 1.021168023845245e-04
1597 5.524160803158944e-04
1598 5.484796819791165e-05
1599 1.292783629321237e-04
1600 2.797483679478140e-05
1601 8.252931951229250e-05
1602 1.657109805635492e-04
1603 3.153120534034848e-05
1604 3.865695208732185e-05
1605 2.931688984555448e-04
1606 6.005181452571522e-05
1607 9.006045152185070e-05
1608 4.054884651964804e-05
1609 5.599756557372885e-05
1610 5.901404455782112e-05
1611 8.440168728463912e-05
1612 7.560514249239954e-05
1613 1.002464308994536e-04
1614 5.535824134458813e-05
1615 6.508978512569602e-05
1616 9.066560900913372e-05
1617 2.007018532307610e-04
1618 6.177281731651199e-05
1619 1.840507330113387e-05
1620 2.544941470419923e-05
1621 1.717976751812432e-04
1622 6.448043137539407e-05
1623 6.926477125459975e-04
1624 6.242293163721599e-05
1625 4.952434504819536e-05
1626 7.949269417633343e-05
1627 2.381719327640674e-05
1628 4.518812050439961e-05
1629 4.203650694292103e-05
1630 2.838531694476869e-05
1631 2.300318992332512e-04
1632 1.432555539539007e-04
1633 1.476659616181962e-04
1634 1.562342901160708e-04
1635 4.714459670227817e-05
1636 1.387406104799916e-04
1637 5.323419440033485e-05
1638 6.968049121800319e-05
1639 2.385173218735856e-05
1640 5.267506584045616e-05
1641 2.905397726245940e-05
1642 9.953240539256745e-05
1643 3.750304108157967e-04
1644 5.387654693790542e-05
1645 9.157869491524542e-05
1646 1.785282877790051e-05
1647 3.725563608338909e-05
1648 4.822369179259731e-05
1649 3.301379891380285e-05
1650 3.697801437947571e-05
1651 1.668573772761352e-04
1652 2.042313888643874e-04
1653 2.754065361170853e-05
1654 2.217806148681131e-05
1655 1.722820676641221e-04
1656 1.513156619682003e-04
1657 1.903329385495035e-04
1658 4.068195823174151e-05
1659 1.107395039122011e-04
1660 3.904304927975625e-05
1661 2.182122346533523e-05
1662 7.960633187026770e-05
1663 6.774952491845178e-05
1664 2.997732206139549e-05
1665 3.694914552197815e-04
1666 3.184610826292985e-05
1667 1.567248465102586e-05
1668 5.635560890166888e-05
1669 2.301303750414404e-04
1670 9.422953183751851e-05
1671 5.581604844037525e-05
1672 1.000717746715233e-04
1673 4.307541533300259e-04
1674 8.722329305842327e-05
1675 3.941927994964792e-05
1676 6.388763925355385e-05
1677 5.673828083726575e-05
1678 2.998121012941448e-05
1679 4.784204118749183e-05
1680 4.344454734586395e-05
1681 1.102127536062115e-04
1682 4.978144656097642e-04
1683 3.635734617973937e-04
1684 3.077128016657531e-05
1685 2.589238740311412e-05
1686 4.565252906091119e-05
1687 8.585969657330394e-05
1688 3.927524155998176e-05
1689 1.018129320294972e-04
1690 1.109928916272433e-04
1691 4.658337322900580e-05
1692 5.116233704983544e-05
1693 4.830160056288958e-05
1694 2.887034598243032e-05
1695 3.123374187447874e-05
1696 5.325009346531218e-05
1697 3.476242080240381e-05
1698 1.909889388527951e-05
1699 9.551161762176175e-05
1700 3.327654773881482e-04
1701 3.514884589947869e-05
1702 9.928789185333707e-05
1703 2.831038463469857e-05
1704 4.677322864209852e-05
1705 6.446898518915193e-05
1706 2.499280583857126e-05
1707 6.007763605137416e-05
1708 1.864167270746648e-04
1709 1.569414193535168e-04
1710 1.414019477701930e-04
1711 2.596814339340979e-05
1712 3.148991802403567e-04
1713 1.700157049924858e-04
1714 2.101918153825346e-05
1715 2.861215811586031e-04
1716 1.564197408414818e-05
1717 3.161864474629420e-04
1718 2.963062203707412e-05
1719 3.424417542753416e-05
1720 9.322078272797875e-05
1721 3.711454376766722e-05
1722 7.682450721304833e-05
1723 3.298584403111565e-05
1724 7.174270985101818e-05
1725 3.539050252051604e-05
1726 4.615825698022534e-04
1727 2.398711604767856e-05
1728 2.759614719472985e-05
1729 1.380610326001008e-05
1730 9.400857664404965e-05
1731 1.803870267131449e-04
1732 2.604919923307164e-05
1733 2.177201296178983e-04
1734 6.049844948171588e-05
1735 5.440583959405407e-04
1736 1.766862832183424e-04
1737 1.798184442233611e-04
1738 2.148368901287810e-05
1739 4.173033307776311e-05
1740 3.480151353887323e-05
1741 1.694618105931308e-04
1742 3.259673005646416e-05
1743 1.572074328481594e-04
1744 1.213725323373410e-05
1745 2.258494741231586e-05
1746 2.885047570148962e-05
1747 4.554486825108469e-05
1748 1.832346374480049e-04
1749 5.132995583687967e-05
1750 4.942974021868533e-05
1751 8.111001395397857e-05
1752 5.681845785312539e-05
1753 5.954849622697119e-05
1754 1.976083866441945e-05
1755 2.864396947983011e-04
1756 4.399411915361736e-05
1757 4.843861098680356e-05
1758 3.588905001329154e-05
1759 3.182877566082489e-04
1760 4.007243830590744e-05
1761 2.752740112254279e-05
1762 5.799215329837613e-05
1763 1.997340045020483e-05
1764 2.598786116462666e-05
1765 7.556393969855383e-05
1766 2.659154276915616e-05
1767 1.934031583164641e-04
1768 2.942222616898325e-05
1769 3.694477958675482e-05
1770 3.148553233385826e-05
1771 1.873066885720853e-05
1772 1.813300573647889e-05
1773 1.980527293566659e-05
1774 5.770227320277025e-05
1775 2.249717679112882e-05
1776 2.151840290146334e-05
1777 1.621945136881769e-04
1778 6.526226548844331e-05
1779 4.463365908813141e-05
1780 3.013304690715823e-05
1781 9.507646799432650e-05
1782 5.975446832056968e-05
1783 5.334994056250577e-05
1784 3.290798448822990e-05
1785 2.857335938648380e-04
1786 3.043958705741687e-04
1787 1.750690752256625e-05
1788 1.842922281900763e-04
1789 1.760901355303462e-05
1790 2.962303038466610e-05
1791 5.689315227411155e-05
1792 2.676514579790342e-05
1793 5.163633169140351e-04
1794 1.245393273956939e-04
1795 1.371293447989315e-05
1796 1.093466511551243e-04
1797 5.797176098819720e-05
1798 1.355613237215740e-05
1799 2.394131239319969e-05
1800 2.259819336884620e-04
1801 1.607873520148737e-05
1802 3.558951003437537e-05
1803 9.035473262848972e-05
1804 2.367305386524934e-05
1805 5.304412385696794e-05
1806 8.673431065317888e-05
1807 6.685334378095605e-05
1808 5.165256255388432e-05
1809 1.248765542410196e-04
1810 1.532818595983085e-05
1811 1.698706728707561e-04
1812 1.054989124839211e-04
1813 8.580814289421392e-05
1814 2.971423671215518e-04
1815 4.213455750820650e-05
1816 4.828060675800595e-05
1817 5.202986336269016e-05
1818 1.054362362135431e-05
1819 8.831393086814679e-05
1820 3.982208238061513e-05
1821 1.272619380314047e-05
1822 1.792105552678817e-04
1823 5.873119646087158e-05
1824 1.109561423525315e-05
1825 6.566793022823317e-05
1826 1.265560856169910e-04
1827 4.971961407274479e-05
1828 2.143663137500781e-05
1829 7.147919614291761e-05
1830 1.863405885948987e-05
1831 3.756184002507272e-05
1832 1.971053799189318e-05
1833 2.376546740559477e-04
1834 1.262146965267874e-04
1835 3.901871822263010e-05
1836 5.611849933097120e-05
1837 3.828407494921807e-04
1838 2.421303651000983e-05
1839 4.033237305313566e-05
1840 1.117185853480022e-04
1841 1.458778429238862e-05
1842 4.067716765097577e-05
1843 2.361785397596688e-05
1844 2.608501861844981e-05
1845 8.745407933533719e-05
1846 4.976033914462302e-05
1847 5.920565284670427e-05
1848 2.997818952873338e-05
1849 1.260643432163493e-05
1850 1.885141456419933e-05
1851 2.152271887129913e-05
1852 5.241545575923428e-05
1853 1.607340132481383e-04
1854 1.245196760828791e-04
1855 1.325899816326182e-04
1856 1.143057445475102e-05
1857 4.253523857463474e-05
1858 1.704009840132317e-05
1859 1.357178187987620e-04
1860 3.978150730672714e-04
1861 2.148972670278989e-05
1862 2.367025422408421e-05
1863 2.167842781473448e-05
1864 3.936078453974063e-05
1865 1.598387116733963e-05
1866 2.409793661267032e-04
1867 2.391974310037509e-05
1868 2.968745641696671e-05
1869 6.002630496398906e-05
1870 3.548902481623849e-05
1871 2.331303043486992e-05
1872 5.759109926743074e-05
1873 4.144456141463812e-04
1874 2.986263161775772e-05
1875 9.949204640748016e-06
1876 1.412462468457289e-05
1877 2.035860441596001e-05
1878 1.885624351100547e-05
1879 2.481235015819498e-04
1880 9.669502124188531e-05
1881 2.157865017376952e-05
1882 1.519948111142494e-05
1883 2.236209796646232e-04
1884 1.441803274797103e-05
1885 2.599529056043796e-05
1886 6.076923662422172e-05
1887 9.839245850322684e-05
1888 5.062898040183264e-05
1889 2.116883678948494e-05
1890 2.174202730976898e-05
1891 1.916572175966342e-05
1892 1.686401804760655e-04
1893 4.880836522425291e-05
1894 3.842512236099821e-05
1895 3.699051853787835e-05
1896 1.528388846001068e-04
1897 2.086785669661033e-04
1898 1.568398260678307e-05
1899 1.665078558957053e-05
1900 2.659642293967948e-05
1901 3.900487927415259e-05
1902 1.090972629860804e-05
1903 5.415553807945794e-05
1904 1.610486945670820e-05
1905 5.945209244272281e-05
1906 3.313913323494547e-04
1907 7.403634327174581e-06
1908 1.464886822561505e-04
1909 3.409192558427396e-05
1910 4.119174994347943e-05
1911 1.330485654444532e-05
1912 9.073830038577613e-05
1913 4.091893394152702e-05
1914 4.411221606686481e-05
1915 1.044598585633155e-04
1916 1.047461579848740e-05
1917 2.780111381593276e-05
1918 3.750288774329209e-05
1919 1.478907761472897e-05
1920 4.181485597460324e-05
1921 1.775304256757188e-05
1922 4.436517037230216e-05
1923 2.265025451806345e-05
1924 1.265989163980623e-05
1925 6.150723839130094e-05
1926 2.664784322774222e-04
1927 1.350594608542509e-05
1928 1.063911374788123e-05
1929 1.679415398608618e-05
1930 4.493085806412560e-05
1931 3.436659588075879e-05
1932 1.165843987856426e-04
1933 4.651183357922462e-05
1934 6.787591888061298e-05
1935 1.156777695362306e-05
1936 2.911821908410359e-05
1937 1.782734862553771e-05
1938 4.113742668851295e-05
1939 2.660688785464760e-05
1940 4.462615479103298e-05
1941 1.690697868568814e-05
1942 3.906715076008799e-05
1943 1.229705108199230e-05
1944 3.110417605389035e-05
1945 2.466895496577701e-04
1946 4.691551187749360e-05
1947 2.060877754433139e-05
1948 9.713269736421639e-05
1949 5.666040192385336e-05
1950 2.308622342778939e-05
1951 7.828817191269984e-06
1952 5.825522172326073e-05
1953 1.587130641811167e-05
1954 9.382517670639358e-06
1955 1.410042448348358e-05
1956 2.990252453906081e-04
1957 4.622327650315630e-05
1958 1.527107965258846e-05
1959 1.394879270360007e-04
1960 1.418998571521011e-05
1961 2.992760559137481e-05
1962 1.560615289586129e-05
1963 4.627328744553514e-05
1964 1.287106568351858e-05
1965 4.538804964252531e-05
1966 1.335758697026796e-04
1967 1.143098390416475e-05
1968 1.928147308614191e-05
1969 4.014612077407485e-05
1970 5.537246553801527e-05
1971 4.799316659769435e-05
1972 1.754958595700591e-05
1973 5.491346798587184e-05
1974 2.715157195577477e-05
1975 1.840920351509969e-05
1976 2.889319470306216e-05
1977 1.072316548420645e-05
1978 7.765669644247356e-05
1979 2.391272454966807e-05
1980 1.275823447373548e-05
1981 2.008674594716878e-05
1982 4.178947262925740e-05
1983 3.616281424952999e-05
1984 1.374469507959901e-04
1985 2.862138980408467e-05
1986 8.300366509177108e-06
1987 7.723936836450998e-06
1988 1.235958822673722e-05
1989 2.018750526666282e-05
1990 2.835413163290726e-04
1991 6.375562318819707e-05
1992 1.264960923640524e-04
1993 3.926963793280885e-05
1994 2.236647792304809e-05
1995 2.378015816107713e-05
1996 1.809362180256223e-05
1997 3.971874783006846e-05
1998 3.107539669304346e-04
1999 2.147549409176603e-05
2000 1.510611465789204e-05
2001 7.972847706531411e-05
2002 2.801944099858512e-05
2003 9.464100992064244e-06
2004 3.311394151809248e-04
2005 1.943981325167237e-05
2006 1.482746406496258e-05
2007 1.063440777876037e-05
2008 2.786173798438978e-05
2009 1.426926402648970e-05
2010 6.398766251579332e-05
2011 6.123893530873905e-05
2012 1.608610253137768e-05
2013 4.108915708108182e-05
2014 2.334033964599434e-05
2015 9.866700882420905e-06
2016 9.851588032900602e-06
2017 7.552077417077041e-05
2018 3.971240959061036e-05
2019 1.842554345658306e-05
2020 7.432808067288001e-06
2021 1.793801388577028e-05
2022 1.061811580828795e-05
2023 2.250838088416101e-04
2024 7.873828143046802e-05
2025 1.600749405849360e-05
2026 1.973221914374652e-05
2027 1.058057742349231e-04
2028 7.849740520166434e-06
2029 2.573559078727664e-05
2030 4.077269279426538e-05
2031 1.193734470030842e-05
2032 1.147437080898694e-05
2033 1.619829360256264e-05
2034 1.519094674345463e-05
2035 2.632959432322279e-05
2036 1.088273178260407e-05
2037 1.262496154054008e-05
2038 2.267125934687849e-05
2039 5.671040076673525e-05
2040 8.154557921569940e-06
2041 2.601186747245529e-05
2042 3.848680717810658e-05
2043 8.346189273134720e-05
2044 2.015526282736601e-05
2045 3.097279100914986e-05
2046 1.527237390368054e-05
2047 8.152241188013188e-06
2048 9.910309423103965e-06
2049 5.357389283786436e-05
2050 1.678496506938304e-05
2051 2.084161502497586e-05
2052 2.349262746460048e-05
2053 1.428463749506854e-04
2054 3.489507960528987e-05
2055 3.470480967893735e-05
2056 1.140861533409477e-04
2057 1.358340937669828e-04
2058 1.492065260152972e-05
2059 1.094144251813363e-05
2060 9.372838584310026e-06
2061 1.900162545558393e-05
2062 1.183134150427100e-04
2063 1.631253151681756e-04
2064 9.198803517404371e-06
2065 1.160685494106014e-05
2066 9.015359265488647e-06
2067 1.656348763851750e-05
2068 2.188813927498994e-05
2069 9.548524033809389e-05
2070 2.424535664308713e-05
2071 7.734931000738158e-06
2072 4.942461984533957e-05
2073 9.243960123943758e-06
2074 2.016810123715588e-05
2075 1.361837460076524e-05
2076 1.499857484305053e-04
2077 1.613979365958008e-05
2078 1.272678626039716e-05
2079 2.897778505508294e-05
2080 2.422869028890098e-05
2081 5.309155725853471e-06
2082 8.297461921188482e-05
2083 2.064776743584496e-05
2084 1.179757559001616e-05
2085 7.723096246387019e-06
2086 1.228657725719578e-05
2087 1.723523167871617e-05
2088 6.561052195144834e-06
2089 5.760366221355188e-06
2090 1.574046962698390e-05
2091 4.738930893503491e-05
2092 3.644210111229036e-05
2093 9.919797588880855e-06
2094 2.965380550401714e-05
2095 8.939098422599245e-06
2096 1.431639233269015e-05
2097 4.858268383752007e-05
2098 2.005518337040342e-05
2099 4.346738600494178e-05
2100 1.273429472307432e-05
2101 1.020859407235900e-04
2102 1.190568102334483e-05
2103 1.056462535129206e-05
2104 2.921765375304356e-05
2105 2.916332244633113e-05
2106 1.249360157517587e-04
2107 9.476709157144624e-06
2108 4.620494530894560e-05
2109 1.075821310950688e-05
2110 2.178484010305210e-05
2111 8.724991245084737e-06
2112 8.131766580506422e-06
2113 3.168158299038229e-05
2114 3.722947658342821e-05
2115 2.300294923781976e-05
2116 2.898794282587109e-05
2117 3.314824983617017e-05
2118 5.689316282934910e-05
2119 2.278754170397431e-05
2120 6.879048337848975e-06
2121 1.166683483901828e-04
2122 7.289510059569134e-06
2123 8.586074664489280e-06
2124 6.311375729040733e-05
2125 5.979782989493776e-06
2126 1.150299240430682e-05
2127 1.707060703190424e-05
2128 1.663336901331968e-05
2129 1.620010492128120e-05
2130 3.194152786795696e-05
2131 6.303296895565514e-06
2132 5.004100946324967e-05
2133 3.434341171484207e-04
2134 2.683787313401974e-04
2135 5.501315871750208e-06
2136 7.547830834427051e-06
2137 1.277850683503662e-05
2138 5.258559399276130e-06
2139 5.639244331124364e-05
2140 1.441829010079214e-05
2141 8.652554382314119e-06
2142 3.275466159114430e-05
2143 1.049716930721290e-05
2144 5.740975430438197e-05
2145 5.970809352511536e-06
2146 8.004001442966590e-05
2147 9.852402680823329e-06
2148 1.227279306090016e-05
2149 2.887016281989951e-05
2150 9.213052589665705e-06
2151 2.843897626607794e-05
2152 2.053194373637282e-05
2153 1.012043580064840e-04
2154 6.017771451310650e-05
2155 8.911314208295423e-06
2156 1.144401427022453e-05
2157 1.566506516804980e-05
2158 5.426625200191992e-05
2159 2.126520803687238e-05
2160 6.453749843663017e-05
2161 4.410162433323461e-05
2162 6.639844550998080e-06
2163 8.506858292384945e-06
2164 2.574693627993664e-05
2165 3.012669250767492e-05
2166 7.110028877060204e-05
2167 1.711728673602452e-05
2168 7.824584429895639e-06
2169 1.306567531023224e-05
2170 1.083428517250722e-05
2171 1.235914407481713e-05
2172 6.345625935062175e-05
2173 1.235900799808424e-05
2174 1.045191928417567e-05
2175 1.297162353974656e-05
2176 3.759467163017650e-06
2177 1.386445081438202e-05
2178 3.650200396617620e-05
2179 6.683845608315459e-05
2180 1.346273955983213e-05
2181 5.677505603711782e-06
2182 1.212514634495199e-05
2183 5.841837796833168e-05
2184 6.770537850299204e-06
2185 1.107399577386640e-04
2186 1.321633942496160e-05
2187 1.514352433633060e-05
2188 1.189539463350568e-05
2189 2.035240637424347e-05
2190 5.262187148162694e-05
2191 2.955849784320635e-05
2192 7.448655771866158e-06
2193 6.511159618205164e-06
2194 8.767797159983219e-06
2195 9.677888487528493e-06
2196 9.071752860554358e-06
2197 9.310533567827822e-06
2198 1.986164349236832e-04
2199 1.462879955176003e-05
2200 7.368468800634018e-05
2201 3.785784924080069e-06
2202 1.785168127038264e-05
2203 9.906935952007767e-06
2204 4.949274720262596e-06
2205 2.363702232198577e-05
2206 9.953531466093383e-06
2207 9.383062248957792e-06
2208 9.223408339974005e-05
2209 6.568709095018473e-06
2210 5.294880267990664e-06
2211 5.548756422062520e-05
2212 1.752646657041541e-05
2213 2.638698315196394e-05
2214 7.053508090755304e-05
2215 1.593503543647947e-05
2216 4.510770479591099e-05
2217 5.453142067833592e-06
2218 1.044633919373468e-04
2219 2.249360129642371e-05
2220 1.916956914040354e-05
2221 1.577712337373909e-05
2222 4.638635794567884e-06
2223 4.658081215631106e-06
2224 1.028050821421805e-04
2225 1.134635280676124e-04
2226 8.453574621592120e-06
2227 1.818455267890425e-05
2228 6.526199855476497e-06
2229 3.946707997413876e-06
2230 1.115543252558792e-04
2231 8.751828756874916e-06
2232 3.734544281904950e-05
2233 3.078551455985571e-05
2234 1.017021907529426e-05
2235 2.484205458797019e-05
2236 6.492057301271943e-06
2237 1.886570456692930e-04
2238 5.533031507804095e-06
2239 6.675999454098634e-06
2240 9.754538271338153e-06
2241 3.716418723269768e-05
2242 9.923961236141161e-06
2243 8.949358029324421e-06
2244 1.154780880750211e-04
2245 1.715339144319699e-05
2246 1.407274924829534e-05
2247 1.775325030334431e-05
2248 2.073681966061495e-05
2249 4.528493481323926e-05
2250 2.602495603655324e-05
2251 4.051069750083462e-05
2252 7.623096808242982e-06
2253 2.974735830840799e-05
2254 7.926513036182422e-06
2255 6.438097203089022e-06
2256 1.697052551998282e-05
2257 5.303509684633611e-05
2258 5.512552808568502e-06
2259 3.517912087925116e-05
2260 7.331317120480050e-06
2261 4.554763389191447e-06
2262 3.576596370023221e-06
2263 1.262697149517411e-04
2264 2.780499603318645e-05
2265 8.020177365854279e-06
2266 5.889651166597534e-05
2267 8.978839996846783e-05
2268 8.647088020557950e-06
2269 6.078169249608593e-06
2270 2.734111966933577e-05
2271 5.578678785432125e-06
2272 5.012746282536993e-06
2273 2.098914869862634e-05
2274 4.779825548680387e-05
2275 1.098510993216576e-05
2276 2.871433003734578e-05
2277 3.489717340616894e-05
2278 2.512314818162432e-05
2279 3.396565683551901e-06
2280 1.117254891943468e-05
2281 7.999668968610417e-06
2282 3.023369860296258e-05
2283 2.948067437149726e-05
2284 2.319574066663783e-05
2285 5.606874192433506e-06
2286 1.362426605973211e-05
2287 7.475245286149283e-06
2288 2.196269043569957e-05
2289 2.056649905642061e-05
2290 3.103077104530094e-06
2291 2.146222732891090e-05
2292 1.065619616794527e-05
2293 6.876223466474190e-06
2294 3.095539144618267e-06
2295 1.374583139262482e-05
2296 3.679133973810436e-05
2297 2.381731553882022e-05
2298 9.478561824604244e-06
2299 7.692717516410755e-06
2300 1.254609174758593e-05
2301 6.956627990193987e-06
2302 1.065772138224798e-05
2303 8.473635923256486e-05
2304 8.071062329472832e-06
2305 1.682097413048580e-05
2306 3.729471600951951e-06
2307 3.714197302149141e-05
2308 1.218050946961721e-05
2309 1.742317827604038e-04
2310 3.754340070218281e-06
2311 2.254122906403718e-05
2312 3.086644044810665e-06
2313 7.697521183656248e-06
2314 1.614248226530681e-05
2315 6.940004544067492e-05
2316 1.006374916168103e-05
2317 6.884574504244304e-06
2318 1.692067427039111e-05
2319 5.246471235462159e-06
2320 4.066088845306039e-06
2321 1.998494743299661e-05
2322 8.392490935372370e-06
2323 7.845180798985609e-06
2324 6.166301365348993e-05
2325 3.914923854601721e-06
2326 5.319091441796543e-06
2327 2.938994391701327e-05
2328 5.002944243595315e-05
2329 9.968672923467395e-06
2330 1.056103535531963e-05
2331 4.202125322034728e-06
2332 4.980545856530482e-05
2333 1.275555115473494e-05
2334 2.293541558331677e-05
2335 1.597515382389140e-05
2336 3.351281059099649e-06
2337 1.999711235554350e-05
2338 6.408562912691312e-06
2339 7.849561400428956e-06
2340 1.063948788699137e-05
2341 7.933681691602404e-06
2342 6.619195470976129e-06
2343 8.386321268150774e-06
2344 1.219461079599320e-05
2345 4.071673111512022e-06
2346 3.480751842642872e-06
2347 7.526843526665474e-05
2348 5.132649467526405e-06
2349 3.661450159706785e-05
2350 7.061046594084611e-06
2351 1.096993523823917e-05
2352 1.539911152181097e-05
2353 4.500299550461237e-06
2354 1.297078375493106e-05
2355 3.591030410397416e-06
2356 8.308478817832787e-06
2357 5.328481095104274e-06
2358 1.347189973005005e-05
2359 6.137497792721599e-06
2360 3.711240055600729e-05
2361 1.327724341277792e-05
2362 8.210522790768261e-06
2363 5.027976360037903e-05
2364 8.693630142620321e-06
2365 8.804365452568395e-06
2366 4.120609727695382e-05
2367 2.076562581290664e-05
2368 6.682443672075547e-06
2369 1.400115734521622e-05
2370 5.379854472098687e-06
2371 2.878932351774838e-06
2372 2.055000446700418e-05
2373 1.209919952201975e-04
2374 4.248694152371345e-06
2375 2.517846547195633e-05
2376 4.170769105936570e-05
2377 5.218141781016818e-06
2378 2.242120905142168e-06
2379 8.690757323836259e-05
2380 3.091586343205979e-06
2381 7.092972922073807e-06
2382 2.267790040176892e-05
2383 5.922244829119090e-06
2384 1.275050606017111e-05
2385 2.219412434920652e-05
2386 2.549061681217085e-05
2387 1.455059959857710e-05
2388 2.015516771575030e-05
2389 1.675413400814939e-05
2390 3.888512032456028e-06
2391 2.423955469882262e-05
2392 4.773009576612544e-06
2393 3.232633139599860e-05
2394 7.174850426727560e-06
2395 4.381144020150112e-06
2396 4.257795186862121e-06
2397 7.891302765807281e-06
2398 1.095029445902079e-04
2399 8.139718474073814e-06
2400 6.046911318775325e-06
2401 2.981061572097120e-06
2402 4.224354556537650e-06
2403 5.345090819710162e-06
2404 4.415239344322992e-06
2405 9.286401305341483e-05
2406 5.129781147508401e-06
2407 1.125876237511049e-05
2408 3.070864028781138e-05
2409 3.192005393984552e-06
2410 3.341471118609697e-06
2411 1.246048937000090e-05
2412 8.663880864173593e-06
2413 1.271705075232360e-05
2414 3.417010380981254e-06
2415 5.973529784829323e-06
2416 2.003126409931302e-05
2417 4.926586862216101e-06
2418 1.942091288196055e-05
2419 1.130161426722198e-05
2420 1.410022870092263e-05
2421 6.391205871683517e-06
2422 8.486864254495562e-06
2423 4.726512786263069e-06
2424 6.770045935019592e-05
2425 3.552332473021843e-05
2426 9.487338069605202e-06
2427 3.136980814695201e-06
2428 7.630975812613223e-06
2429 1.916742742869835e-05
2430 3.482743954540057e-06
2431 5.428099530804084e-05
2432 3.909899976817793e-06
2433 1.778085473111527e-05
2434 6.331199577570187e-06
2435 3.800779119230367e-06
2436 4.052582193070781e-06
2437 1.828577080615180e-05
2438 1.036356955516625e-05
2439 4.158879320834100e-06
2440 5.552440656296825e-06
2441 5.802578705916260e-06
2442 1.723413750619663e-05
2443 8.595633246392702e-06
2444 7.374175451662467e-06
2445 3.411829097055424e-06
2446 2.055999944138251e-06
2447 9.538009984251762e-06
2448 4.695948140008546e-06
2449 5.406374357011308e-06
2450 5.811665472098413e-06
2451 2.454853486144955e-05
2452 1.259458008873975e-05
2453 8.258996301314596e-06
2454 2.876348872913597e-06
2455 8.713496904406866e-06
2456 1.532325125286389e-05
2457 4.107807552910128e-06
2458 7.508612370895322e-05
2459 7.666827769809722e-06
2460 6.544058772595113e-06
2461 6.255918980025206e-06
2462 2.310774831361557e-06
2463 3.023377833340684e-05
2464 9.745754514929790e-06
2465 3.503099044618564e-06
2466 3.358826583985758e-06
2467 2.223917006391075e-05
2468 8.501608860885307e-06
2469 6.501263933034592e-06
2470 6.565043392794416e-05
2471 1.087556327651947e-05
2472 3.015512162300107e-06
2473 5.297023473694303e-06
2474 3.888384015956777e-06
2475 2.231755930185281e-05
2476 3.016335444519313e-05
2477 1.340461280784577e-04
2478 2.624169170145596e-06
2479 2.165791824664365e-06
2480 5.793428493193310e-06
2481 6.452836549223821e-06
2482 1.760277671645437e-05
2483 6.179023707325932e-06
2484 3.983154743789094e-05
2485 3.087402838928656e-06
2486 8.048617787443467e-06
2487 3.700563157826743e-05
2488 6.400178931251883e-06
2489 3.402896329715947e-05
2490 6.932333457935485e-06
2491 4.082367750159714e-06
2492 8.235272825731985e-06
2493 5.962727673134339e-06
2494 3.537407017950167e-06
2495 1.658676214507717e-05
2496 3.364447226602110e-05
2497 4.446486437983288e-06
2498 2.736972014888728e-06
2499 2.589214027815392e-06
2500 1.057757144418658e-05
2501 1.147475149951380e-05
2502 3.575276927225438e-06
2503 3.330649301391997e-06
2504 7.145068565441118e-06
2505 2.570911396025485e-06
2506 2.008331641705721e-06
2507 4.495865858352219e-06
2508 1.000655842402889e-05
2509 1.245658261278386e-05
2510 6.836367537047238e-06
2511 3.064282229887813e-05
2512 6.415870174589266e-06
2513 1.810066613018938e-05
2514 2.737116555090612e-06
2515 7.011849883142980e-05
2516 1.011175824117032e-05
2517 6.004115311538317e-06
2518 1.830399818324196e-05
2519 2.606474807149703e-06
2520 1.734985972989300e-06
2521 1.158183590583383e-04
2522 8.440541226228603e-06
2523 7.138066544863638e-06
2524 1.896512806551201e-05
2525 9.454254071038164e-06
2526 4.603499771078159e-06
2527 1.015547524293195e-05
2528 1.285103470759057e-05
2529 2.942282536851486e-06
2530 6.608419269035816e-06
2531 4.039938408147847e-06
2532 2.855185437817138e-06
2533 4.330132352041567e-06
2534 2.011484126673340e-06
2535 8.858927506019366e-06
2536 2.046661022509848e-06
2537 1.373891905946610e-05
2538 3.416629801395521e-06
2539 4.329710481058968e-06
2540 4.167661495659217e-06
2541 4.033840108107596e-06
2542 6.426795080682705e-06
2543 2.550870483090469e-05
2544 4.592390316075816e-06
2545 5.685031908340372e-06
2546 8.446461339017930e-06
2547 4.907610979977566e-05
2548 3.448063598894771e-06
2549 8.830269955167482e-06
2550 4.122648144159458e-06
2551 2.221289927285327e-05
2552 1.004218820532462e-05
2553 5.622079428682315e-06
2554 1.383110439824348e-05
2555 8.739743494540410e-06
2556 2.549364662179236e-06
2557 2.521928013748745e-06
2558 2.539960203495099e-06
2559 5.415744173633071e-05
2560 3.964545723437641e-06
2561 2.112032697124225e-05
2562 4.903479475271638e-06
2563 2.943409221933113e-06
2564 8.039727891945185e-06
2565 3.327409753302611e-06
2566 1.942600876885014e-06
2567 1.150537971751121e-05
2568 4.221191229104520e-05
2569 1.850082567904002e-06
2570 7.442779833907975e-06
2571 1.620598908216875e-06
2572 3.005577809574289e-06
2573 5.708962462298883e-05
2574 1.368731295514432e-05
2575 3.648495482958376e-06
2576 4.842357796466908e-05
2577 8.267915190910213e-06
2578 7.119991405522153e-06
2579 1.682678427300153e-06
2580 1.784346814924882e-05
2581 8.492644336701066e-06
2582 6.392903773211631e-06
2583 6.889348893639704e-06
2584 9.843642340440516e-06
2585 8.040162903823903e-06
2586 8.579458202968586e-06
2587 1.856473440069251e-05
2588 5.265293785511103e-06
2589 2.919739111820848e-06
2590 2.266359523191499e-06
2591 1.888816117546117e-06
2592 2.754223463463056e-06
2593 4.716093600617505e-06
2594 6.899672830401683e-06
2595 2.145230171072216e-06
2596 2.813346470213002e-06
2597 1.996559515309271e-06
2598 1.775655728310185e-05
2599 2.709249918679954e-05
2600 3.154590281642635e-06
2601 2.219310730720178e-06
2602 1.713242902962420e-06
2603 1.426325761158265e-05
2604 2.095593334110241e-06
2605 3.860234941608384e-06
2606 1.037251725450685e-05
2607 5.748056950115380e-06
2608 9.062718927350386e-06
2609 7.799701927654875e-06
2610 5.294001078007468e-06
2611 5.771359184709026e-06
2612 4.030134653913205e-06
2613 2.324530180345629e-06
2614 2.605948139532579e-06
2615 8.375091652072569e-06
2616 2.281211507147692e-06
2617 9.981904123989345e-06
2618 1.374811436391139e-05
2619 2.758285501066103e-05
2620 7.963276667550325e-06
2621 1.181472153827489e-06
