0 1.000000000000000e+01
1 1.117698582742543e+00
2 3.023421956310385e-01
3 1.249780566479419e-01
4 6.400288689340004e-02
5 3.693108489970413e-02
6 2.279344527226558e-02
7 1.902179750081362e-02
8 2.254039763794414e-02
9 9.387979634715502e-03
10 3.824282835456439e-02
11 6.077208820565326e-03
12 3.779413276545118e-03
13 2.561543163891420e-03
14 5.178232696146974e-03
15 3.235324714693807e-02
16 1.361104721310537e-03
17 1.869913152459121e-03
18 8.406925629821087e-04
19 1.033343504177287e-02
20 4.240635153643072e-04
21 1.365960543178616e-03
22 3.258106906965535e-03
23 2.209485039454020e-04
24 1.213536290621795e-04
25 2.347325573614958e-04
26 5.352228828909090e-05
27 3.623949351175216e-04
28 3.699672327235357e-04
29 6.367139392553257e-05
30 3.423391390302311e-04
31 2.545467846573924e-05
32 1.590730790572730e-05
33 1.318770927058812e-05
34 5.616967329751548e-05
35 5.028105276021838e-06
36 3.444657334541168e-05
37 2.928374238286882e-05
38 7.469468343062904e-06
39 1.694321555132277e-06
40 6.856274446444944e-06
41 4.687553824299147e-06
42 1.807052794497316e-06
43 6.569082661993383e-07
44 1.651034577813462e-05
45 5.922713774457911e-07
46 7.235738955668390e-07
47 2.408095613067058e-07
48 2.948869500072268e-07
49 9.278095366631482e-08
